 1  0.056  0.398  0.038  0.109  0.928  1.050
 2  0.000  0.600  0.999  0.171  1.120  0.982
 3  0.064  0.757  1.005  0.085  0.960  1.924
 4  0.089  0.803  1.097  0.037  1.045  4.544
 5  0.074  1.014  1.020  0.141  1.173  1.475
 6  0.128  0.701  0.999  0.139  0.983  2.963
 7  0.131  0.642  1.127  0.075  1.028  2.750
 8  0.033  0.851  1.002  0.118  1.030  1.398
 9 -0.047  0.778  1.036  0.158  0.875  2.468
10  0.096  0.519  1.072  0.161  0.938  0.965
11  0.025  0.895  0.999  0.057  0.895  5.136
12  0.050  0.928  1.206  0.191  1.004  3.348
13  0.016  0.558  1.002  0.378  0.816  0.896
14  0.063  0.802  1.054  0.376  0.730  1.768
15  0.093  0.921  1.086  0.140  1.035  2.720
16  0.060  1.281  1.008  0.146  0.989  1.776
17  0.063  0.770  1.039  0.168  0.973  2.285
18  0.050  1.022  1.011  0.014  1.104  2.118
19  0.015  0.382  1.002  0.141  0.950  0.240
20  0.067  0.530  1.027  0.134  0.956  2.684
21  0.079  0.979  1.996  0.192  0.964  4.161